82, 59, 44, 2, 95, 80, 28, 109, 11
98, 76, 52, 65, 40, 36, 69, 30, 49
81, 82, 102, 66, 93, 113, 89, 92, 67, 75
94, 8, 111, 53, 17, 66, 104, 58, 99, 47
86, 14, 33, 8, 99, 6, 45, 13
12, 107, 14, 81, 41, 67, 96, 55
46, 59, 56, 35, 47, 99, 72, 21, 65, 51
53, 92, 32, 10, 21, 56, 66, 61, 63
82, 66, 67, 13, 2, 42, 48, 96, 62
88, 69, 25, 1, 2, 86, 38, 26, 7
109, 94, 21, 49, 23, 12, 46, 48, 35, 22
16, 37, 36, 98, 5, 108, 2, 25, 13, 1
60, 61, 32, 80, 67, 75, 49, 88, 59
65, 66, 70, 38, 97, 24, 98, 100
10, 39, 1, 106, 63, 99, 4, 17, 9
22, 99, 45, 110, 96, 8, 39, 54, 108, 106
80, 82, 1, 32, 45, 13, 95, 111, 75, 89
99, 95, 42, 46, 49, 28, 84, 21, 83
36, 59, 54, 47, 98, 85, 40, 110, 78, 108
12, 82, 81, 109, 89, 112, 57, 29, 16
96, 2, 41, 67, 51, 19, 39, 99, 48
66, 82, 61, 77, 17, 106, 1, 59, 67, 81
8, 54, 40, 98, 106, 36, 63, 85, 28
52, 65, 105, 21, 110, 22, 74, 47, 69
46, 65, 21, 56, 106, 99, 41, 18, 9, 23
38, 46, 86, 66, 50, 15, 53, 21, 65, 72
12, 89, 75, 82, 94, 80, 48, 55, 16, 67
48, 95, 12, 94, 29, 6, 109, 8, 27
66, 15, 57, 43, 8, 103, 52, 59, 45, 76
94, 99, 61, 32, 41, 21, 46, 66, 13
79, 45, 78, 90, 99, 12, 63, 66
99, 89, 67, 108, 6, 19, 22, 4, 64, 48
99, 86, 94, 35, 72, 23, 37, 75, 73, 42
89, 52, 1, 43, 33, 57, 18, 14, 81, 8
14, 10, 67, 107, 17, 96, 88, 21
69, 101, 43, 52, 113, 25, 111, 45
99, 16, 29, 63, 110, 44, 11, 10
66, 94, 90, 16, 99, 72, 37, 56, 55, 7
106, 94, 82, 59, 13, 41, 80, 46, 104
12, 17, 63, 9, 93, 35, 104, 21, 34, 33
58, 82, 75, 104, 67, 81, 59, 60, 89, 28
12, 108, 89, 82, 80, 36, 37, 93, 73, 110
69, 56, 94, 21, 6, 9, 15, 81, 28, 99
2, 46, 110, 14, 48, 107, 98, 10
14, 59, 81, 18, 1, 35, 71, 94, 7, 80
12, 65, 95, 110, 89, 52, 109, 55, 112, 35
12, 81, 89, 55, 10, 21, 109, 78, 77, 14
99, 94, 31, 86, 67, 55, 37, 108
47, 36, 40, 93, 108, 69, 59, 110
69, 29, 2, 40, 63, 32, 93, 72, 15
59, 82, 38, 66, 109, 106, 12, 1, 17, 92
85, 76, 99, 69, 43, 6, 56, 70, 39, 94
67, 52, 83, 44, 48, 61, 10, 65
61, 66, 33, 99, 53, 15, 56, 28, 43, 91
4, 111, 70, 18, 104, 58, 7, 37, 41, 98
89, 12, 67, 61, 99, 82, 42, 113, 10, 58
69, 85, 48, 76, 79, 83, 52, 28, 30
44, 66, 5, 14, 81, 93, 82, 84
47, 69, 81, 36, 89, 44, 21, 12, 98, 99
89, 61, 59, 113, 66, 80, 38, 82, 77
7, 89, 2, 18, 71, 109, 55, 5, 19, 28
89, 82, 93, 27, 102, 59, 12, 81, 104, 34
41, 89, 86, 2, 6, 104, 32, 88
86, 63, 90, 10, 104, 8, 41, 35, 111
41, 52, 47, 63, 17, 58, 59, 102, 39, 45
52, 12, 18, 81, 64, 44, 61, 109, 63, 77
82, 38, 102, 66, 106, 85, 77, 80, 29, 91
113, 61, 80, 48, 94, 74, 33, 25, 92
17, 113, 1, 12, 67, 13, 63, 78, 60, 44
12, 32, 99, 56, 21, 89, 95, 27, 84, 40
108, 36, 82, 51, 19, 38, 89, 58, 29
54, 47, 8, 66, 69, 99, 58, 35, 15, 83
69, 52, 99, 15, 59, 8, 57, 25
12, 61, 13, 41, 46, 44, 16, 9, 21, 100
77, 80, 61, 89, 29, 58, 10, 109, 12, 67
61, 113, 12, 46, 94, 81, 33, 88, 86, 78
89, 95, 18, 58, 57, 28, 44, 59, 7, 100
56, 99, 21, 52, 91, 111, 18, 37, 41, 104
18, 89, 77, 12, 32, 16, 98, 62, 80
103, 112, 21, 24, 44, 59, 108, 110, 7, 89
16, 37, 89, 94, 55, 110, 12, 109, 98, 2
103, 7, 112, 52, 95, 11, 64, 98, 24, 25
98, 8, 52, 110, 93, 59, 36, 107, 45
12, 89, 81, 82, 1, 38, 93, 61, 33, 53
94, 48, 12, 103, 69, 89, 30, 56, 98, 1
46, 65, 66, 100, 70, 106, 107, 15, 50
66, 79, 35, 56, 53, 45, 113, 46, 111
82, 54, 59, 28, 46, 89, 106, 81, 92, 70
16, 98, 2, 57, 18, 52, 37, 36, 25, 64
59, 28, 44, 17, 41, 63, 53, 39, 104, 88
95, 69, 108, 48, 112, 89, 23, 7
12, 66, 94, 112, 89, 99, 7, 91, 55
87, 103, 105, 7, 51, 4, 52
1, 55, 74, 79, 24, 96, 109, 93, 35
2, 93, 15, 89, 76, 21, 84, 45, 36, 27
54, 66, 99, 106, 111, 85, 4, 50, 82
33, 41, 106, 59, 112, 63, 95, 13, 103, 7
75, 94, 45, 76, 41, 101, 65, 46, 39
47, 93, 104, 6, 8, 49, 2, 69
103, 110, 112, 24, 106, 16, 98, 63, 31
77, 94, 81, 46, 80, 102, 42, 79, 18
103, 69, 55, 1, 82, 76, 18, 24, 85
95, 44, 56, 112, 70, 101, 99, 18, 61, 66
112, 57, 24, 46, 100, 111, 49, 81, 94
46, 94, 54, 99, 8, 65, 98, 3, 67
59, 93, 61, 24, 82, 80, 66, 34, 95, 10
82, 59, 54, 33, 8, 66, 29, 80, 95
86, 103, 8, 70, 69, 54, 98, 45, 76, 1
89, 2, 12, 37, 25, 55, 93, 78, 98, 21
25, 8, 54, 101, 34, 59, 4, 56, 29
1, 79, 91, 15, 43, 76, 58, 85, 46
45, 98, 52, 16, 89, 36, 1, 69, 59, 63
82, 61, 12, 77, 37, 99, 91, 16